1 1000 2 1
1 2000 3 1
1 3000 2 1
1 4000 2 1
1 5000 3 2
1 6000 1 1
1 7000 2 1
1 8000 2 1
1 9000 2 1
1 10000 2 1
1 11000 2 1
1 12000 2 1
1 13000 2 1
1 14000 2 1
1 15000 2 1
1 16000 5 1
1 17000 1 1
1 18000 1 1
1 19000 2 1
1 20000 1 1
1 21000 3 2
1 22000 2 1
1 23000 2 1
1 24000 2 1
1 25000 2 1
1 26000 2 1
1 27000 2 1
1 28000 2 1
1 29000 2 1
1 30000 2 1
1 31000 2 1
1 32000 2 1
1 33000 2 1
1 34000 2 1
1 35000 3 2
1 36000 2 1
1 37000 2 1
1 38000 2 1
1 39000 2 1
1 40000 2 1
1 41000 2 1
1 42000 2 1
1 43000 2 1
1 44000 3 1
1 45000 2 1
1 46000 2 1
1 47000 2 1
1 48000 2 1
1 49000 2 1
1 50000 3 1
1 51000 4 2
1 52000 2 1
1 53000 1 1
1 54000 2 1
1 55000 2 1
1 56000 4 1
1 57000 3 1
1 58000 2 1
1 59000 1 1
1 60000 3 1
1 61000 2 1
1 62000 2 1
1 63000 2 1
1 64000 2 1
1 65000 2 1
1 66000 2 1
1 67000 1 1
1 68000 2 1
1 69000 1 1
1 70000 2 1
1 71000 2 1
1 72000 1 1
1 73000 2 1
1 74000 2 1
1 75000 1 1
1 76000 2 1
1 77000 2 1
1 78000 2 1
1 79000 1 1
1 80000 2 1
1 81000 2 1
1 82000 2 1
1 83000 2 1
1 84000 2 1
1 85000 1 1
1 86000 2 1
1 87000 1 1
1 88000 1 1
1 89000 2 1
1 90000 2 1
1 91000 2 1
1 92000 2 1
1 93000 2 1
1 94000 1 1
1 95000 2 1
1 96000 3 1
1 97000 2 1
1 98000 2 1
1 99000 2 1
1 1e+05 3 2
1 101000 2 1
1 102000 1 1
1 103000 2 1
1 104000 2 1
1 105000 2 1
1 106000 2 1
1 107000 1 1
1 108000 2 1
1 109000 1 1
1 110000 2 1
1 111000 2 1
1 112000 2 1
1 113000 4 2
1 114000 2 1
1 115000 1 1
1 116000 2 1
1 117000 2 1
1 118000 2 1
1 119000 2 1
1 120000 2 1
1 121000 1 1
1 122000 2 1
1 123000 2 1
1 124000 2 1
1 125000 1 1
1 126000 2 1
1 127000 2 1
1 128000 2 1
1 129000 2 1
1 130000 2 1
1 131000 2 1
1 132000 1 1
1 133000 1 1
1 134000 2 1
1 135000 2 1
1 136000 2 1
1 137000 2 1
1 138000 2 1
1 139000 2 1
1 140000 2 1
1 141000 2 1
1 142000 1 1
1 143000 2 1
1 144000 2 1
1 145000 1 1
1 146000 2 1
1 147000 2 1
1 148000 2 1
1 149000 2 1
1 150000 2 1
1 151000 2 1
1 152000 2 1
1 153000 2 1
1 154000 1 1
1 155000 1 1
1 156000 2 1
1 157000 2 1
1 158000 2 1
1 159000 2 1
1 160000 1 1
1 161000 2 1
1 162000 2 1
1 163000 1 1
1 164000 1 1
1 165000 2 1
1 166000 2 1
1 167000 2 1
1 168000 1 1
1 169000 2 1
1 170000 1 1
1 171000 2 1
1 172000 2 1
1 173000 2 1
1 174000 2 1
1 175000 2 1
1 176000 2 1
1 177000 2 1
1 178000 1 1
1 179000 2 1
1 180000 3 2
1 181000 2 1
1 182000 1 1
1 183000 2 1
1 184000 1 1
1 185000 2 1
1 186000 2 1
1 187000 2 1
1 188000 2 1
1 189000 2 1
1 190000 2 1
1 191000 2 1
1 192000 2 1
1 193000 2 1
1 194000 1 1
1 195000 2 1
1 196000 1 1
1 197000 2 1
1 198000 2 1
1 199000 2 1
1 2e+05 2 1
1 201000 2 1
1 202000 2 1
1 203000 2 1
1 204000 2 1
1 205000 2 1
1 206000 2 1
1 207000 2 1
1 208000 5 1
1 209000 2 1
1 210000 2 1
1 211000 2 1
1 212000 2 1
1 213000 2 1
1 214000 2 1
1 215000 1 1
1 216000 2 1
1 217000 2 1
1 218000 2 1
1 219000 2 1
1 220000 2 1
1 221000 1 1
1 222000 2 1
1 223000 1 1
1 224000 2 1
1 225000 2 1
1 226000 1 1
1 227000 1 1
1 228000 3 2
1 229000 2 1
1 230000 2 1
1 231000 5 1
1 232000 2 1
1 233000 2 1
1 234000 2 1
1 235000 1 1
1 236000 2 1
1 237000 1 1
1 238000 2 1
1 239000 5 2
1 240000 2 1
1 241000 2 1
1 242000 2 1
1 243000 2 1
1 244000 5 1
1 245000 3 1
1 246000 2 1
1 247000 3 2
1 248000 2 1
1 249000 2 1
1 250000 2 1
1 251000 2 1
1 252000 2 1
1 253000 2 1
1 254000 1 1
1 255000 2 1
1 256000 1 1
1 257000 1 1
1 258000 2 1
1 259000 2 1
1 260000 2 1
1 261000 2 1
1 262000 2 1
1 263000 2 1
1 264000 1 1
1 265000 2 1
1 266000 2 1
1 267000 2 1
1 268000 2 1
1 269000 2 1
1 270000 1 1
1 271000 2 1
1 272000 2 1
1 273000 2 1
1 274000 2 1
1 275000 2 1
1 276000 2 1
1 277000 1 1
1 278000 2 1
1 279000 1 1
1 280000 2 1
1 281000 2 1
1 282000 2 1
1 283000 1 1
1 284000 2 1
1 285000 2 1
1 286000 2 1
1 287000 2 1
1 288000 2 1
1 289000 2 1
1 290000 2 1
1 291000 2 1
1 292000 4 2
1 293000 2 1
1 294000 2 1
1 295000 1 1
1 296000 2 1
1 297000 2 1
1 298000 1 1
1 299000 2 1
1 3e+05 2 1
