58
65
49
41
74
40
41
48
34
47
56
47
37
63
35
92
33
28
36
26
74
38
55
52
38
45
42
43
45
53
55
41
38
46
67
61
46
43
49
51
50
40
45
74
41
52
58
62
43
73
92
66
31
47
43
74
60
49
38
73
38
51
48
43
49
49
26
45
35
36
45
41
55
44
23
47
48
55
31
44
45
67
51
47
29
37
22
37
43
57
41
59
55
27
51
52
49
53
45
69
49
22
45
48
49
49
28
46
33
55
61
41
81
37
33
50
40
37
55
56
32
39
43
48
21
56
53
50
58
32
51
33
32
46
42
56
49
38
51
43
52
32
43
61
22
42
52
55
38
61
44
47
42
28
30
46
34
36
39
38
39
48
32
32
42
45
31
32
47
33
52
58
48
51
50
42
46
34
46
54
56
29
54
24
54
61
52
39
45
53
44
47
41
31
48
44
51
48
58
49
66
61
45
44
48
56
52
113
36
50
50
47
43
51
41
57
49
43
41
45
44
49
28
30
59
28
32
74
43
54
94
46
61
49
31
41
26
51
115
49
44
48
48
90
70
56
64
37
51
36
44
45
56
34
46
33
38
46
34
52
39
46
47
27
54
42
47
39
50
33
65
52
49
51
48
49
38
45
32
48
45
62
32
53
58
40
53
44
50
42
49
84
55
56
43
46
50
35
48
52
