19
17
20
15
49
26
6
21
13
20
13
26
8
29
14
11
14
8
8
8
40
9
13
23
12
13
12
9
11
21
9
11
10
24
33
20
9
15
17
9
18
13
13
11
14
21
8
18
13
10
42
27
15
11
21
12
17
18
23
18
11
12
18
13
22
9
14
18
16
5
15
27
15
17
15
7
14
30
7
18
18
30
17
17
13
12
14
16
21
12
20
13
18
13
11
14
12
10
20
33
19
11
13
13
18
21
16
13
21
14
24
10
39
13
13
13
15
12
20
18
24
16
8
17
13
20
12
13
24
10
21
15
17
10
22
18
18
12
10
16
20
19
13
11
11
18
18
16
13
25
13
15
12
18
17
19
12
16
12
20
13
5
13
19
17
15
10
11
14
20
13
17
12
19
13
18
18
18
14
35
15
13
19
10
20
21
12
16
12
18
17
18
13
22
13
28
20
15
14
16
19
27
16
10
13
10
17
17
10
20
14
14
20
13
20
21
21
17
18
19
27
19
18
3
20
15
21
36
17
19
12
19
25
13
14
12
16
24
36
17
14
20
14
12
12
18
40
13
13
10
16
13
13
17
12
18
19
7
16
17
15
9
20
16
15
15
19
13
20
14
24
13
13
20
23
17
19
18
16
15
10
23
17
16
18
17
22
13
16
21
12
36
19
9
27
15
12
17
15
23
